## Protocol for 191118_complex_quant

1x
	plate1
		04,18,22,24,26,35,40
	plate2
		06,09,20,22,30,45,46
	plate3
		03,06,07,15,22,36,42
	plate4
		04,07,12,15,26,40,46
	plate5
		08,23,30,34,43,44,46
	plate6
		04,14,23,34,36,39,41
2x
	plate1
		16,20,34,41,42,44,47
	plate2
		07,12,18,19,24,38,39
	plate3
		02,09,25,27,31,39,44
	plate4
		03,32,36,37,38,39,44
	plate5
		02,09,18,24,25,29,42
	plate6
		03,09,19,28,30,31,44
4x
	plate1
		10,13,27,31,38,43,45
	plate2
		16,23,25,33,37,40,43
	plate3
		10,19,23,29,33,38,43
	plate4
		16,17,20,25,33,41,42
	plate5
		03,16,17,19,20,21,26
	plate6
		05,06,07,24,29,38,47
6x
	plate1
		06,09,12,14,19,28,37
	plate2
		10,13,17,28,29,34,47
	plate3
		08,11,20,24,37,40,45
	plate4
		06,10,11,23,27,28,47
	plate5
		04,10,32,36,38,39,47
	plate6
		08,12,17,21,25,32,33
8x
	plate1
		02,03,08,25,30,32,39
	plate2
		05,14,31,32,36,42,44
	plate3
		14,18,21,26,28,32,35
	plate4
		13,14,21,22,30,35,45
	plate5
		06,28,31,35,37,41,45
	plate6
		11,13,15,22,26,40,42
10x
	plate1
		07,15,21,23,29,33,36
	plate2
		02,03,04,08,11,15,35
	plate3
		04,05,13,16,17,30,47
	plate4
		02,05,08,18,19,24,29
	plate5
		05,11,12,14,15,33,40
	plate6
		02,10,16,18,20,35,43
